corner 0:
0 1 0
0 1 1
0 0 0

corner 1:
0 1 0
1 1 0
0 0 0

corner 2:
0 0 0
1 1 0
0 1 0

corner 3:
0 0 0
0 1 1
0 1 0

cross 0:
0 1 0
1 1 1
0 1 0

line 0:
0 0 0
1 1 1
0 0 0

line 1:
0 1 0
0 1 0
0 1 0

skew 0:
0 1 0
0 0 1
0 0 0

skew 1:
0 1 0
1 0 0
0 0 0

skew 2:
0 0 0
1 0 0
0 1 0

skew 3:
0 0 0
0 0 1
0 1 0

t 0:
0 0 0
1 1 1
0 1 0

t 1:
0 1 0
0 1 1
0 1 0

t 2:
0 1 0
1 1 1
0 0 0

t 3:
0 1 0
1 1 0
0 1 0

v 0:
0 0 0
1 0 1
0 1 0

v 1:
0 1 0
0 0 1
0 1 0

v 2:
0 1 0
1 0 1
0 0 0

v 3:
0 1 0
1 0 0
0 1 0

x 0:
0 1 0
1 0 1
0 1 0

