corner 0:
0 0 0
0 1 0
0 0 0

0 1 0
0 1 1
0 0 0

0 0 0
0 0 0
0 0 0

corner 1:
0 0 0
0 1 0
0 0 0

0 1 0
1 1 0
0 0 0

0 0 0
0 0 0
0 0 0

corner 2:
0 0 0
0 0 0
0 0 0

0 1 0
1 1 0
0 0 0

0 0 0
0 1 0
0 0 0

corner 3:
0 0 0
0 0 0
0 0 0

0 1 0
0 1 1
0 0 0

0 0 0
0 1 0
0 0 0

corner 4:
0 0 0
0 1 0
0 0 0

0 0 0
1 1 0
0 1 0

0 0 0
0 0 0
0 0 0

corner 5:
0 0 0
0 0 0
0 0 0

0 0 0
1 1 0
0 1 0

0 0 0
0 1 0
0 0 0

corner 6:
0 0 0
0 0 0
0 0 0

0 0 0
0 1 1
0 1 0

0 0 0
0 1 0
0 0 0

corner 7:
0 0 0
0 1 0
0 0 0

0 0 0
0 1 1
0 1 0

0 0 0
0 0 0
0 0 0

cross_line 0:
0 0 0
0 1 0
0 0 0

0 0 0
1 1 1
0 1 0

0 0 0
0 1 0
0 0 0

cross_line 1:
0 0 0
0 1 0
0 0 0

0 1 0
0 1 1
0 1 0

0 0 0
0 1 0
0 0 0

cross_line 2:
0 0 0
0 1 0
0 0 0

0 1 0
1 1 1
0 1 0

0 0 0
0 0 0
0 0 0

cross_line 3:
0 0 0
0 1 0
0 0 0

0 1 0
1 1 0
0 1 0

0 0 0
0 1 0
0 0 0

cross_line 4:
0 0 0
0 0 0
0 0 0

0 1 0
1 1 1
0 1 0

0 0 0
0 1 0
0 0 0

cross_line 5:
0 0 0
0 1 0
0 0 0

0 1 0
1 1 1
0 0 0

0 0 0
0 1 0
0 0 0

line 0:
0 0 0
0 0 0
0 0 0

0 1 0
0 1 0
0 1 0

0 0 0
0 0 0
0 0 0

line 1:
0 0 0
0 0 0
0 0 0

0 0 0
1 1 1
0 0 0

0 0 0
0 0 0
0 0 0

line 2:
0 0 0
0 1 0
0 0 0

0 0 0
0 1 0
0 0 0

0 0 0
0 1 0
0 0 0

plane_corner 0:
0 0 0
0 0 0
0 0 0

0 1 0
0 1 1
0 0 0

0 0 0
0 0 0
0 0 0

plane_corner 1:
0 0 0
0 1 0
0 0 0

0 1 0
0 1 0
0 0 0

0 0 0
0 0 0
0 0 0

plane_corner 2:
0 0 0
0 0 0
0 0 0

0 1 0
1 1 0
0 0 0

0 0 0
0 0 0
0 0 0

plane_corner 3:
0 0 0
0 0 0
0 0 0

0 1 0
0 1 0
0 0 0

0 0 0
0 1 0
0 0 0

plane_corner 4:
0 0 0
0 0 0
0 0 0

0 0 0
1 1 0
0 1 0

0 0 0
0 0 0
0 0 0

plane_corner 5:
0 0 0
0 0 0
0 0 0

0 0 0
0 1 0
0 1 0

0 0 0
0 1 0
0 0 0

plane_corner 6:
0 0 0
0 0 0
0 0 0

0 0 0
0 1 1
0 1 0

0 0 0
0 0 0
0 0 0

plane_corner 7:
0 0 0
0 1 0
0 0 0

0 0 0
0 1 0
0 1 0

0 0 0
0 0 0
0 0 0

plane_corner 8:
0 0 0
0 0 0
0 0 0

0 0 0
0 1 1
0 0 0

0 0 0
0 1 0
0 0 0

plane_corner 9:
0 0 0
0 1 0
0 0 0

0 0 0
0 1 1
0 0 0

0 0 0
0 0 0
0 0 0

plane_corner 10:
0 0 0
0 1 0
0 0 0

0 0 0
1 1 0
0 0 0

0 0 0
0 0 0
0 0 0

plane_corner 11:
0 0 0
0 0 0
0 0 0

0 0 0
1 1 0
0 0 0

0 0 0
0 1 0
0 0 0

cross 0:
0 0 0
0 1 0
0 0 0

0 1 0
1 1 1
0 1 0

0 0 0
0 1 0
0 0 0

plane_cross 0:
0 0 0
0 0 0
0 0 0

0 1 0
1 1 1
0 1 0

0 0 0
0 0 0
0 0 0

plane_cross 1:
0 0 0
0 1 0
0 0 0

0 1 0
0 1 0
0 1 0

0 0 0
0 1 0
0 0 0

plane_cross 2:
0 0 0
0 1 0
0 0 0

0 0 0
1 1 1
0 0 0

0 0 0
0 1 0
0 0 0

t 0:
0 0 0
0 0 0
0 0 0

0 0 0
1 1 1
0 1 0

0 0 0
0 0 0
0 0 0

t 1:
0 0 0
0 1 0
0 0 0

0 0 0
0 1 0
0 1 0

0 0 0
0 1 0
0 0 0

t 2:
0 0 0
0 0 0
0 0 0

0 1 0
0 1 1
0 1 0

0 0 0
0 0 0
0 0 0

t 3:
0 0 0
0 1 0
0 0 0

0 1 0
0 1 0
0 1 0

0 0 0
0 0 0
0 0 0

t 4:
0 0 0
0 0 0
0 0 0

0 1 0
1 1 0
0 1 0

0 0 0
0 0 0
0 0 0

t 5:
0 0 0
0 0 0
0 0 0

0 1 0
0 1 0
0 1 0

0 0 0
0 1 0
0 0 0

t 6:
0 0 0
0 0 0
0 0 0

0 1 0
1 1 1
0 0 0

0 0 0
0 0 0
0 0 0

t 7:
0 0 0
0 1 0
0 0 0

0 1 0
0 1 0
0 0 0

0 0 0
0 1 0
0 0 0

t 8:
0 0 0
0 1 0
0 0 0

0 0 0
1 1 1
0 0 0

0 0 0
0 0 0
0 0 0

t 9:
0 0 0
0 1 0
0 0 0

0 0 0
1 1 0
0 0 0

0 0 0
0 1 0
0 0 0

t 10:
0 0 0
0 0 0
0 0 0

0 0 0
1 1 1
0 0 0

0 0 0
0 1 0
0 0 0

t 11:
0 0 0
0 1 0
0 0 0

0 0 0
0 1 1
0 0 0

0 0 0
0 1 0
0 0 0

t_line 0:
0 0 0
0 0 0
0 0 0

0 0 0
1 1 1
0 1 0

0 0 0
0 1 0
0 0 0

t_line 1:
0 0 0
0 1 0
0 0 0

0 0 0
0 1 1
0 1 0

0 0 0
0 1 0
0 0 0

t_line 2:
0 0 0
0 1 0
0 0 0

0 0 0
1 1 1
0 1 0

0 0 0
0 0 0
0 0 0

t_line 3:
0 0 0
0 1 0
0 0 0

0 0 0
1 1 0
0 1 0

0 0 0
0 1 0
0 0 0

t_line 4:
0 0 0
0 0 0
0 0 0

0 1 0
0 1 1
0 1 0

0 0 0
0 1 0
0 0 0

t_line 5:
0 0 0
0 1 0
0 0 0

0 1 0
0 1 1
0 1 0

0 0 0
0 0 0
0 0 0

t_line 6:
0 0 0
0 1 0
0 0 0

0 1 0
1 1 0
0 1 0

0 0 0
0 0 0
0 0 0

t_line 7:
0 0 0
0 0 0
0 0 0

0 1 0
1 1 0
0 1 0

0 0 0
0 1 0
0 0 0

t_line 8:
0 0 0
0 0 0
0 0 0

0 1 0
1 1 1
0 0 0

0 0 0
0 1 0
0 0 0

t_line 9:
0 0 0
0 1 0
0 0 0

0 1 0
0 1 1
0 0 0

0 0 0
0 1 0
0 0 0

t_line 10:
0 0 0
0 1 0
0 0 0

0 1 0
1 1 1
0 0 0

0 0 0
0 0 0
0 0 0

t_line 11:
0 0 0
0 1 0
0 0 0

0 1 0
1 1 0
0 0 0

0 0 0
0 1 0
0 0 0

